"x"
-0.870129749837523
0.254642651645238
0.92479516607009
2.40844399494287
0.00236605013148205
1.07988566413684
0.890773319763283
-0.31052029784162
0.553864389168078
0.858226378980564
-0.781210075969375
-0.526966906061167
0.53213002620221
0.0943133750881602
-1.74994091986383
0.420146220218384
-0.848812298740066
1.24057633240064
0.00320541602258399
0.610955111298044
-1.25657019053942
0.279459048952641
1.11059960653684
0.994424206412693
0.421857200966839
-0.279732362871223
-0.0147288817897056
1.44503570046819
-0.55650475703837
0.0384225296091561
1.66268559595025
1.26962985294644
-0.656257162823395
1.81862455224474
-1.60565353736351
2.48720188159846
-0.418727750907965
1.37633867930279
0.513844767953599
1.23355874208267
-0.322611719760112
0.602532736977973
1.16732946857196
-0.306391523753559
-0.275497651349111
-0.455349253436809
0.678675994243488
-0.835483225012631
-1.42927000372944
1.22559816762938
-1.61456220207257
0.0867724855871527
-2.50703182192033
0.662244148392429
0.734487279067625
0.0118716081720859
-0.373870014687985
0.931559637160601
-0.794001346525524
-0.774044699427468
-0.0967135428369121
-0.686665505945633
-0.478567002403695
-0.533314930003091
-0.941055928005269
-0.0743081997134936
1.0939192123192
-0.113383626795845
-0.637495433250768
0.196101348124003
-1.86943197951196
-0.750508920042112
1.04989637133252
-1.62633611854635
1.31518726628482
-0.391719411313695
1.52433392360348
0.587191025667032
0.0122674369013314
-0.292823819577495
-1.34824693686236
0.807375643989044
-0.44213805167182
1.29637388184168
0.779685251631925
-0.227869592424501
1.12115982745414
-0.9079518020092
-2.11055640896134
1.87277357342495
-0.386189351262261
-0.179043672332123
1.12718406583165
-0.544419277330817
0.320024904304908
0.213819312050844
0.562292580115343
0.677195341513466
-1.14447477487792
-0.363358446352276
-0.130708723898224
-0.0337666099621267
-1.81045205621255
-0.896882871567357
