4.53886366014536
4.40072676974936
5.00307591365846
4.31970052993191
3.32076981101368
3.27003589148734
2.65947827304882
2.59961855917605
2.51475862918206
2.30635506845184
2.29928895286855
2.32596649946305
2.26290830756218
2.44962994371517
2.34582755031623
2.43219747530355
2.57038822381211
2.20699491922731
2.22985290219762
2.22321671905886
2.11781266850188
2.2337610514434
2.20750914412823
2.2471430984116
2.3096102200244
2.36675858979978
2.4068064360253
2.42400589034551
2.50229376703949
2.6304356311191
2.5871398809474
2.81343694061219
2.83235922554845
2.90355844315294
2.95509859605435
3.11088434196651
3.46876712910172
3.33964435545549
3.26699360479674
3.44599943550474
3.46157901551604
3.4291163104756
3.26964282646221
3.22287222645839
3.19309697129513
3.47743228406681
4.05842095243076
5.05332767760291
4.69413178826707
4.0445820023165
3.99710799940848
4.28995941065863
4.98790603085658
4.83610287476268
5.4980440901305
4.74706048430891
3.64930277877329
3.59354961187462
2.92258783482547
2.85680603343473
2.76355067520229
2.53452917218913
2.5267639861929
2.55608081646378
2.48678410274244
2.6919786282438
2.57790677616368
2.67282151738221
2.82468385992113
2.42533904782044
2.450458434444
2.44316571530146
2.32733374967837
2.45475322773415
2.42590414641704
2.46945919772483
2.53810636493513
2.60090858143685
2.64491847216459
2.66381951620442
2.7498526296759
2.89067192377812
2.84309280495855
3.09177806038457
3.11257237945167
3.19081553312912
3.2474546963068
3.41865275814324
3.8119418820193
3.67004463424642
3.59020634332375
3.7869217173472
3.80404262841992
3.76836829793255
3.59311765983637
3.54171991465307
3.50899891091305
3.82146430479842
4.45993179353085
5.55326740045829
5.15853526553891
4.44472371769862
4.39255298001089
4.71437699361713
