2.53886366014536
2.40072676974936
3.00307591365846
2.31970052993191
1.32076981101368
1.27003589148734
0.659478273048821
0.599618559176047
0.514758629182062
0.306355068451835
0.299288952868555
0.325966499463052
0.262908307562177
0.449629943715167
0.345827550316227
0.432197475303546
0.57038822381211
0.206994919227312
0.229852902197622
0.223216719058858
0.11781266850188
0.233761051443401
0.207509144128233
0.247143098411597
0.309610220024402
0.36675858979978
0.406806436025302
0.424005890345514
0.502293767039492
0.630435631119105
0.587139880947396
0.813436940612189
0.832359225548448
0.903558443152944
0.955098596054351
1.11088434196651
1.46876712910172
1.33964435545549
1.26699360479674
1.44599943550474
1.46157901551604
1.4291163104756
1.26964282646221
1.22287222645839
1.19309697129513
1.47743228406681
2.05842095243076
3.05332767760291
2.69413178826707
2.0445820023165
1.99710799940848
2.28995941065863
2.98790603085658
2.83610287476268
3.4980440901305
2.74706048430891
1.64930277877329
1.59354961187462
0.922587834825474
0.856806033434726
0.763550675202286
0.534529172189129
0.526763986192896
0.556080816463778
0.486784102742438
0.6919786282438
0.577906776163683
0.672821517382211
0.824683859921131
0.425339047820437
0.450458434443998
0.443165715301462
0.327333749678368
0.454753227734151
0.425904146417039
0.469459197724828
0.53810636493513
0.600908581436848
0.644918472164586
0.663819516204423
0.7498526296759
0.890671923778125
0.843092804958546
1.09177806038457
1.11257237945167
1.19081553312912
1.2474546963068
1.41865275814324
1.8119418820193
1.67004463424642
1.59020634332375
1.7869217173472
1.80404262841992
1.76836829793255
1.59311765983637
1.54171991465307
1.50899891091305
1.82146430479842
2.45993179353085
3.55326740045829
3.15853526553891
2.44472371769862
2.39255298001089
2.71437699361713
